712681828508539009
772817844991451009
1099897337318201089
807577062115831297
643611858959003393
605344190739929089
640272129991437569
724377540002550017
970474596685099393
983976520600691201
20319540784812961793
22677992064868360193
29348992011400568833
36633456190500691969
30146635771686076417
32757001726070198273
24079826882771365889
18953221732568547329
3847545707702280257537
3023805733201853808641
15495176241291477385217
17112745016244721156097
15403458580962846179329
13161501675030866558977
16578863669787343454209
15120033473371744239617
17723718802277033574401
10359729587172856037377
11920752171974330941441
17406693778280159379457
15542467492137524002817
11161095785768741240833
14062362986426461585409
16719206665983757385729
18440053598380330319873
15802116756693776859137
17988983988517204918273
9650049154849586544641
11189056526294458564609
14643758066788697374721
12669034999415882907649
17861055800848844587009
18085402706772322418689
18012874216486268305409
647651
824017
667127
972319
886741
576131
956941
578117
983371
838601
1047647
738247
694781
821753
944417
961687
622513
648889
576461
720677
782711
640009
713653
680917
620531
632081
615679
630589
918647
975869
650627
783137
740053
883231
555119
795517
713281
1015097
681011
811961
936737
590669
753583
888871
912851
836117
699757
791489
588619
1013503
554263
793777
816559
727079
722311
673271
935213
919409
1000969
854713
695603
690037
654679
697687
725437
563197
1003133
704281
911003
968291
962237
763267
684407
707873
858749
576151
703699
826997
568303
818837
738797
565597
532607
760367
546683
754181
581657
1006883
999043
827833
532447
708989
656681
683957
821497
1000249
771473
706961
646573
673637
691787
671791
904733
624791
859697
735169
829949
861551
887641
663301
964679
654803
1041617
845723
668051
785329
749677
542131
1003463
887233
817483
847601
720491
526429
855391
684977
746107
690127
613747
926111
941267
976109
626519
547957
583853
689257
744113
885427
848489
856061
720877
912217
986767
815953
587519
631291
740969
833269
819827
746957
1033741
738677
848273
539207
663569
792641
556321
886819
576299
982339
536149
919081
603949
749741
599899
574081
824477
704849
800693
939791
904873
787973
934067
717631
782329
752821
739777
852031
765889
845371
549247
557329
834781
613609
644489
777251
855221
652117
595801
569047
975157
957413
810493
888413
667123
563077
801461
653273
777617
767827
829831
629417
571801
926089
543883
920957
929009
803057
958901
538357
1040873
526679
912521
691721
809587
903179
632371
560293
726301
919421
693697
978521
977849
725999
961619
919939
1036363
673093
993919
657523
873421
860143
548243
765581
894233
783283
996161
900773
921887
945937
699493
1035257
704027
1023643
748711
925087
594037
671471
895669
868051
626749
600421
588131
993197
1009747
838939
924601
1021073
709349
585317
631459
856897
621679
880519
1046933
621301
725273
582851
813931
759431
860939
962503
795337
815587
913637
748271
750521
585779
722321
1038199
849829
878167
535957
644837
615269
806059
1036951
674837
712843
1033603
869887
934547
733867
859933
694357
566653
829643
554959
948049
810239
691727
910093
564679
1010881
604711
786707
686173
696617
837847
822553
985807
608303
643463
922457
997793
540181
570949
797311
694549
773713
1029643
1010627
993893
1021297
766541
892093
656833
965623
727201
810023
648617
741079
874739
939551
825047
795349
571933
667019
898669
609923
999961
796633
648629
647839
956617
902087
612553
666599
570047
524921
596227
812129
874891
593711
948349
966389
651043
629921
634717
883991
884321
524701
892387
968641
673457
1024327
775157
569623
683687
797389
998749
642071
544373
789077
644117
544601
708163
752183
545893
1005647
684127
883391
735871
703379
926153
971753
1016083
1021043
987143
912991
840269
647909
945089
847157
581663
763573
972941
637829
881897
631711
944731
864511
544903
663571
678479
542119
981439
592741
526853
1017923
555589
580201
926461
822697
647359
542119
636287
886283
573329
987913
656561
566681
598307
713311
778913
768409
594667
1029409
916583
800999
579893
572449
527081
1027693
604697
972581
975629
970777
884813
607727
795233
887399
903037
892219
929963
947803
898673
963173
704549
591023
657523
536267
952997
614687
972869
820073
769807
1037447
662513
619849
833477
715229
867227
759799
1024339
680611
527447
845863
1026217
592049
576227
667987
745621
1008013
1036831
619261
729779
527159
741661
564523
637157
964363
754297
656371
754723
631597
734381
770027
878041
704009
948797
612791
914521
751103
927361
538331
921499
894791
921143
818837
803609
658897
707177
986779
585569
706801
782129
682307
608423
541537
985871
525373
618859
986983
691181
703753
768377
703873
752681
1021577
888061
555707
874987
826393
931621
528691
637909
844763
579721
1017061
920267
607049
1014487
959471
894403
983233
663359
772663
743923
566543
904933
1012307
743849
949967
1027127
721397
997637
742211
780803
892559
828637
798887
535607
660983
551321
579133
807707
646837
678329
826663
716299
653801
957109
524389
829093
780253
537233
781889
839087
544021
543187
862319
533371
687773
873293
836971
609071
881219
891629
880699
953221
724553
949673
921629
594157
644051
1040929
1027139
979567
786937
831863
575669
694277
940067
909379
613049
599779
961123
889429
528263
626323
952559
871517
835673
536947
704999
843629
804341
918257
613441
753427
691723
609227
627271
850043
801989
825791
912391
721997
1034237
800953
898853
533051
830639
970313
938387
953149
573829
950507
851491
948547
720857
1003241
942853
736361
593587
846457
898613
807097
843137
654553
912337
740671
685493
840187
700223
753547
534167
559687
1025149
699631
593149
1001839
616433
866443
677387
697327
921001
931921
999199
976439
845309
569189
550129
730853
870907
1043221
674393
597599
570719
858029
874271
544807
583519
668471
681539
781633
865769
761213
794111
828523
797549
638861
724111
749149
898981
529577
955727
574163
743609
582067
983791
993541
872411
1028473
648383
733433
744409
629711
1008589
676051
752581
780173
843527
624539
634511
579083
894281
611693
843677
681113
760927
594827
1008541
929303
664319
800731
969113
926353
645443
890863
1031923
589751
760993
672499
583207
887171
757807
844127
560221
887633
976561
546373
607727
669167
1015603
544183
1040821
619067
749219
671003
938921
749653
789181
697513
890237
758237
898259
867511
1033007
714827
822293
604759
733111
733351
908849
794161
1043843
863641
620657
574279
545527
950161
581333
723607
742991
1001563
1032613
765827
793633
526951
757181
691891
540061
795203
659657
735529
690689
781673
1048423
704461
974123
645347
622663
596861
584509
733879
646259
808237
562711
563413
571877
584033
762053
568163
907021
894451
1043191
720901
873727
718621
990559
731389
784117
962509
612589
581617
668009
907843
847309
579851
633001
645179
826493
640687
1012903
739099
746743
775079
584699
831709
668903
984923
696853
768799
1027717
878419
891587
831757
713267
771941
817877
977803
956689
823243
589873
662351
533053
550691
878099
837203
788677
740087
640061
976559
676807
902771
998983
759313
754111
810487
620251
564089
706561
823831
943477
901739
703903
676493
624607
967481
657431
725939
818813
674483
557197
866743
533003
577537
758867
569887
599591
560281
1037893
1013029
832717
556271
1036531
862471
630299
804497
830561
907513
641513
745343
719639
999043
892387
740141
834433
833269
1007731
808147
1002361
871517
658883
594563
638801
1002091
833711
539129
759697
697259
943751
666773
743123
760093
735673
853091
794693
685393
769463
996253
550073
994417
1041421
675151
715489
882187
771937
748183
610123
650449
622399
883213
822989
698903
942013
807733
734221
974747
810791
759401
597419
744833
1031761
659657
683597
1015451
657451
1008209
602269
677647
536227
659653
533191
901007
528391
655693
718973
652853
680759
706213
930197
729257
707563
659467
637271
1039651
908539
923711
1033057
621611
526733
645041
722903
636211
882779
880027
582737
721547
961277
1041221
865363
826393
622067
732769
706067
960647
630281
1026479
890551
1030297
908959
624803
586463
993913
575009
671969
675347
536773
940903
1018649
868997
994039
644173
728281
1018643
891311
933953
3251
3923
2297
2473
3677
3461
3541
2503
2393
4021
2999
2113
2341
2347
3833
2729
2381
4049
3433
2089
3083
3701
3967
3323
2971
3319
3739
2971
2617
2153
2953
2963
3343
3851
3299
2267
3989
3593
4013
2969
3307
2441
3529
4079
3929
4049
2857
3719
2543
3947
3467
3613
2411
2137
2927
3797
3911
2087
3607
2591
2069
2521
2053
2797
3833
3061
3359
2633
3541
3907
2417
2939
2273
2803
4049
3547
2141
2753
2801
3467
2207
2129
3299
2243
2741
3011
2269
3137
2381
3803
3467
2081
3631
2551
2693
2551
4051
4051
2971
2087
2213
2633
2647
2081
2333
2843
2281
2647
3889
3929
2287
2699
2713
3203
3697
3203
2741
3299
2099
2657
3623
3203
2659
3169
3911
3527
4007
3677
2203
3637
2843
2399
3617
2797
2711
2677
3823
2113
3089
3643
3541
3187
2953
3659
2083
2917
3613
3461
3833
3541
3319
3617
2131
2207
2417
2971
2861
3163
2677
3209
3407
4021
2887
3329
4051
2311
3307
3613
3989
2791
2459
2963
2069
3061
3803
3923
2347
2311
3919
2437
3313
3221
2111
2647
3433
2749
3083
2281
2851
2719
3581
3943
3373
2371
3253
4079
4073
3571
2833
2719
3217
2909
4003
3691
2459
3371
2371
3643
3253
3089
3061
2647
3793
2341
2719
3307
3847
2179
2143
2953
4057
3529
2239
2749
3319
3301
3863
3313
2879
2801
3769
2053
3301
2539
3343
2161
2909
2293
2963
3299
2297
2837
2281
3011
2939
3709
3001
2687
2153
3739
2137
3079
3761
3259
3739
3467
2591
3847
3833
4057
2689
2137
2767
3881
2551
2437
2131
3989
2909
2903
3593
2459
3761
2851
3571
3547
2903
3719
2083
2663
2083
2111
3389
2333
2521
3167
2683
2141
3659
3671
2591
3361
2789
2311
4003
3557
3067
2789
2927
2447
2251
2131
3923
3557
2309
3083
2441
2459
2539
2593
2503
2213
3533
3323
3169
3191
2459
2591
3919
2843
2927
2677
3797
2699
2713
3271
4021
2801
2939
3739
2293
2953
2389
3313
2423
2341
3049
2153
2549
2633
3863
3229
4051
3359
3499
2833
3761
3361
3697
2287
3583
2311
2531
3583
3727
2357
4051
2381
2221
3571
2707
2753
3191
3931
4019
3539
3539
3037
3853
2347
4079
3137
2741
2179
3167
2879
3613
2411
2897
2837
2503
2237
3011
2557
2939
3433
2609
3137
2081
2927
3229
2917
2971
3253
2707
2239
2617
3581
3761
2251
3011
4073
4057
3413
2393
2473
2293
2087
3541
3733
3049
3881
3119
3823
2797
3701
4091
3643
2801
2269
2579
3407
3433
2749
2963
3307
2909
2243
2389
2141
2467
2579
3229
2861
2963
3719
2083
3163
3571
2081
3359
3469
3257
3701
3389
2069
3947
3329
3469
2357
2833
2557
2143
2969
2347
2531
2339
3797
2957
3137
2729
3259
3779
3373
2927
3191
2939
3329
4013
3121
2467
3407
3313
3361
3709
2887
2591
2243
4013
4091
2161
2957
3739
2381
2267
3461
3079
2447
3323
2179
3433
2689
3877
2843
2333
3943
3691
2683
2861
2663
3449
2153
3719
3511
3637
3761
2711
3533
3167
2441
2143
2953
3511
3019
2719
2281
3919
2861
2293
2971
3331
2521
3323
3739
3449
2221
2741
2621
2087
2179
2797
3251
4003
3793
2273
4079
2531
2267
2767
2447
2473
2351
4051
3343
2287
2707
2999
4049
3041
4007
2657
2339
3733
3067
3253
3469
3557
2879
4003
3467
3739
2939
2663
3083
3371
3001
3583
4027
2879
2377
2213
3079
3517
3931
2281
2267
2939
2281
2441
2287
4013
2417
3697
2347
3457
2663
2789
2153
3461
3121
2531
2741
2617
3049
3631
3877
2441
2741
2339
2521
3089
3461
3301
3061
3079
3023
3613
2909
2393
3539
2579
3511
2659
3461
2351
3049
2459
2341
4091
2969
3217
2243
3257
2467
3433
3181
2153
3539
3671
3499
3373
4049
2213
3617
2459
3593
3109
2963
2837
2309
3491
4073
3823
3793
2099
2423
3407
2939
3209
2113
3613
2239
3217
2179
2969
4093
4049
4049
3919
2381
2467
2339
3527
3467
3347
3907
4079
3469
3319
2711
4001
2843
2341
2423
3361
3011
2621
2657
2087
2819
2239
2689
2237
4079
2957
2269
3181
4001
2143
4021
3467
3527
2381
2411
3643
2749
4093
3517
2591
3137
3023
3881
3709
3607
2999
3583
2099
2671
2953
3083
2591
2927
3079
2957
2399
2207
3109
2099
2113
2473
2591
2741
3259
3697
3169
3803
2333
3637
3571
4049
2683
3511
3323
3347
2699
2087
3917
3371
3313
2467
2503
3491
3607
3911
3631
2383
3343
3517
3793
2609
3533
2729
2777
2803
2579
4079
3067
2339
2237
2137
2801
2459
2081
3257
3557
4051
2473
2609
2789
3697
2179
3823
2969
3727
2857
2609
2789
2579
3491
3779
2671
2411
3923
3557
2693
3329
2477
3499
2593
3733
2707
2683
2887
3319
2609
3803
2477
2477
2963
3463
3517
2731
3527
3253
3259
3833
2693
2333
3607
2713
3733
2141
3469
2633
3121
3803
3253
3673
2161
3301
2767
2887
3307
3083
4027
2281
2083
3089
2837
2843
3331
3301
3793
2437
3469
3517
3547
4079
2557
2683
2459
2081
3511
3499
2243
2683
2729
3967
2333
3191
3329
2251
2357
2999
3527
2857
3593
2707
3911
3677
4093
2843
3967
2647
2371
3257
3079
3989
3877
3709
3331
2273
3331
4007
3389
3329
2213
3919
2531
3643
3181
2351
3001
3911
3539
3313
3659
2819
3947
2473
3517
3433
4021
3251
2339
3019
3083
3301
3779
2753
2557
3673
3049
3919
3733
3517
3169
2437
3631
2131
3889
3803
3167
3461
3571
3251
3613
3853
3083
3767
3037
3671
4057
3329
3049
2617
2551
2273
3677
3911
3361
3271
4073
2963
3049
3539
2971
2459
3257
2477
3433
2633
3709
2351
2797
2711
2917
3677
3847
2647
2069
2767
2897
2777
2791
2411
2713
2393
3671
4079
3559
3767
3571
3833
3851
2671
4001
2423
3299
2311
3217
3373
2609
3797
2083
3203
3271
3067
2731
3469
3779
3989
2141
3697
3581
2939
3659
2207
3259
3301
2609
3733
4001
3061
2843
2791
3823
3623
3083
3761
947
709
859
547
911
877
821
929
563
599
563
617
907
1009
971
617
607
599
643
1009
773
733
929
751
653
607
941
853
563
997
659
547
643
811
1013
701
751
521
953
607
857
821
853
937
709
673
1009
953
967
929
709
919
571
661
719
641
941
661
947
661
557
593
887
739
997
653
853
541
607
733
683
727
787
809
853
677
877
643
739
617
571
839
787
631
881
613
971
829
839
739
743
863
739
691
787
659
863
769
977
547
691
809
811
919
971
683
809
691
547
757
613
857
857
829
991
991
571
673
739
547
881
787
521
787
907
613
809
607
827
617
991
859
691
859
857
641
709
953
859
569
827
859
641
773
641
997
659
617
673
941
797
761
809
743
953
607
827
787
1013
769
743
563
719
953
673
557
709
821
619
557
983
773
541
521
577
967
631
599
643
691
787
769
911
593
739
593
937
647
743
659
971
619
739
673
613
1009
941
839
739
613
673
937
823
653
673
769
983
937
797
719
617
757
601
757
683
839
937
853
997
823
953
953
677
1013
719
823
547
701
997
677
547
983
653
839
907
619
977
613
757
751
569
953
947
523
971
709
563
977
853
911
523
739
617
541
827
821
823
739
653
659
809
641
839
587
761
719
683
997
523
599
881
701
617
557
677
911
941
947
661
619
673
709
659
947
719
547
751
643
887
587
719
937
769
751
691
773
911
971
587
911
809
983
1013
853
571
593
563
971
887
827
883
613
719
617
733
839
877
991
691
857
587
743
691
683
523
719
929
827
607
983
601
811
733
829
641
941
757
787
607
883
677
601
991
911
811
827
631
1019
823
991
883
991
941
541
809
733
613
863
661
883
941
643
991
761
881
821
883
601
641
821
911
587
659
1019
751
971
863
643
701
523
541
607
757
563
601
683
739
977
883
839
601
601
673
691
911
661
877
991
857
607
653
521
563
683
569
983
811
691
773
541
971
941
719
761
701
941
661
659
733
919
809
571
613
827
997
739
659
641
773
823
839
773
853
641
821
991
757
547
859
991
991
809
1019
821
941
919
769
563
1019
809
677
601
733
701
937
727
911
607
701
557
811
547
593
761
827
683
739
941
797
827
709
919
983
1013
601
1013
821
829
877
653
829
971
631
919
577
941
919
877
997
571
769
569
761
857
571
619
821
673
587
941
607
601
829
953
853
613
1019
853
857
971
631
619
1021
547
997
971
947
587
751
823
877
601
719
673
733
709
613
823
971
709
599
991
857
881
967
643
599
739
709
883
773
547
941
839
919
809
829
809
673
563
593
971
523
887
971
991
677
829
677
571
991
541
607
941
677
863
829
919
641
541
659
991
743
577
1019
577
983
811
919
653
643
557
883
661
599
787
971
907
661
547
787
569
593
1021
941
877
823
809
593
859
661
857
563
541
877
887
1021
971
571
839
1019
863
619
827
661
569
719
839
661
769
811
919
937
683
757
751
971
719
547
953
673
599
769
739
773
809
829
661
619
661
863
547
569
809
809
683
863
593
977
631
613
691
881
881
853
683
823
991
607
683
683
919
1019
571
523
769
929
523
773
661
683
761
563
541
701
743
811
883
641
829
1021
523
727
809
557
659
787
617
977
571
661
971
887
709
769
599
929
673
593
911
577
757
709
967
571
601
877
823
557
751
691
883
821
643
859
1013
523
1021
863
877
823
617
691
607
631
719
811
599
919
617
557
661
853
809
523
701
953
701
653
661
547
953
757
587
709
941
1009
619
911
977
617
967
971
733
719
877
523
677
1013
607
557
541
1009
761
863
1019
787
829
677
857
541
827
733
983
653
773
577
773
673
823
647
643
787
577
739
577
967
691
757
967
677
829
677
631
787
953
971
821
863
617
839
857
691
797
1009
983
709
967
593
607
593
563
577
881
757
853
577
883
929
997
647
859
677
701
881
557
887
569
827
677
613
811
761
739
947
809
977
877
743
691
661
599
733
997
811
953
997
821
941
563
769
521
877
563
719
811
701
991
953
571
787
601
647
857
811
787
809
991
881
991
983
631
1021
757
947
683
953
991
617
787
701
1009
907
643
863
677
1013
797
887
827
953
677
971
733
827
659
883
677
839
811
659
701
577
859
829
797
859
751
643
1013
971
619
853
863
599
863
523
859
823
1019
601
911
593
971
929
911
641
757
647
613
1021
631
563
761
821
631
887
1019
617
743
877
911
661
919
1019
727
1009
709
691
1021
761
883
907
541
601
659
811
673
967
971
613
941
661
727
859
811
827
617
1019
593
709
967
683
719
757
883
659
1009
991
599
601
653
881
991
647
769
1013
881
739
911
1013
599
599
929
607
727
739
661
659
883

